 1, 2, 3, 4, 5, 6, 7, 8, 9,10,11,12,13,14,15,16,17,18,19,20,21,22,23,24,25,26,27,28,29,30,31,32,33,34,35,36,37,38,39,40;
-1,-1,-1,-1,-1,-1,-1,-1, 1, 1, 1, 1, 2, 1, 1, 1, 1, 1, 1, 1, 1, 1, 2, 1,-1,-1,-1,-1,-1,-1, 1, 1, 1, 1, 1, 1, 1, 1, 1, 1, 1, 1:
-1,-1,-1,-1,-1,-1,-1,-1, 1, 0, 0, 0, 0, 1, 0, 0, 0, 7, 1, 3, 6, 0,10, 1,-1,-1,-1,-1,-1,-1, 1, 8, 0, 0, 0,13, 0, 0,13, 7,14, 1:
 1, 1, 1, 1, 1, 1, 1, 1, 4, 5, 1, 1, 0, 2, 0, 9, 0, 0, 1, 6, 6, 6, 0, 1,-1,-1,-1,-1,-1,-1, 1, 0, 0, 3, 0, 0, 0, 0, 0, 0, 1, 1:
 1, 0, 0, 0, 0, 0, 8, 0, 0, 0, 0, 1, 3, 1, 0, 0, 0, 7, 0, 0, 0, 0, 0, 1,-1,-1,-1,-1,-1,-1, 1, 0, 0, 3, 0, 6, 6, 6, 1, 1, 1, 0:
 1, 1, 1, 1, 1, 1, 1, 0, 0, 0, 0, 1, 0, 4, 0, 0, 0, 7, 0, 0, 0, 0, 0, 1,-1,-1,-1,-1,-1,-1, 1, 0, 0, 0, 0, 0, 0, 0, 0, 0, 1, 0:
-1,-1,-1,-1,-1,-1, 2, 0, 8, 0, 0, 1, 0, 5, 0, 0, 0, 7, 0, 0, 6, 6, 6, 1,-1,-1,-1,-1,-1,-1, 1, 1, 1, 1, 1, 1, 1, 1, 4, 5, 1, 0:
-1,-1,-1,-1,-1,-1, 1, 1, 1, 1, 1, 1, 1, 1, 1, 1, 1, 1, 1, 1, 1, 5, 4, 1,-1,-1,-1,-1,-1,-1, 2, 0, 0, 3, 0, 6, 7, 0, 0,13, 1, 0:
-1,-1,-1,-1,-1,-1,-1,-1,-1,-1,-1,-1,-1,-1,-1,-1,-1,-1,-1,-1, 1, 0, 1, 1, 1, 1, 1, 1, 1, 1, 1, 0, 0, 0, 0, 6, 7, 0, 0, 0, 1, 0:
-1,-1,-1,-1,-1,-1,-1,-1,-1,-1,-1,-1,-1,-1,-1,-1,-1,-1,-1,-1, 1, 0, 0, 0, 0, 1, 0, 0,13, 0, 4, 0, 0, 0, 0, 6, 7, 0, 0, 3, 1, 0:
-1,-1,-1,-1,-1,-1,-1,-1,-1,-1,-1,-1,-1,-1,-1,-1,-1,-1,-1,-1, 1, 0, 0, 8, 0,11, 0, 1, 0, 0, 5, 0, 1, 1, 1, 1, 1, 1, 1, 1, 1, 0:
-1,-1,-1,-1,-1,-1,-1,-1,-1,-1,-1,-1,-1,-1,-1,-1,-1,-1,-1,-1, 1, 1, 1, 2, 1, 1, 1, 1, 1, 1, 1, 1, 1,-1,-1,-1,-1,-1,-1,-1,-1,-1
; -1 = empty / 0 = grass / 1 = wall / 2 = lightsource / 3 = mine / 4 = machine / 5 = gatedirection / 6 = water / 7 = wood 
8 = lightgem / 9 = heatgem / 10 = coolgem / 11 = lasergem / 12 = explosivegem / 13 = turret / 14 = exitlevel


